 8.92208499e+01
 2.15805771e+02
 5.71880706e+01
 -1.52112641e+02
 1.04672585e+02
 -9.92289684e+01
 -1.35718757e+02
 -9.25308513e+01
 -1.42578832e+00
 -1.31099872e+02
 -2.25310716e+01
 -2.35245436e+01
 -1.67696976e+01
 -1.03390282e+02
 -4.07553874e+01
 3.41670950e+01
 7.10020848e+01
 1.30577676e+01
 -1.80527746e+02
 4.46947373e+00
 1.95086043e+02
 -5.11256638e+01
 -1.64284934e+02
 5.71419427e+01
 1.85509170e+02
 1.45996410e+02
 1.33794401e+02
 -1.15423099e+02
 -5.74581626e-01
 9.54743485e+00
 1.18269006e+02
 -5.36527498e+01
 5.89296863e+01
 2.85674148e+01
 -6.62562428e+01
 -1.06665059e+02
 -5.70334661e+01
 5.08213498e+00
 -1.15172327e+02
 -1.45492119e+02
 1.31829873e+01
 -7.86936604e+01
 -4.12203041e+01
 6.86966764e+01
 -1.53842801e+02
 7.15521575e+01
 1.79268284e+01
 1.15908167e+02
 1.38166308e+02
 6.00255541e+01
 -1.38106752e+02
 -2.20694330e+01
 -1.55926153e+02
 1.68591438e+01
 -4.75985569e+01
 -3.62199380e+01
 1.03750218e+02
 -5.37529866e+01
 2.40386531e+01
 8.36024868e+01
 8.78080343e+01
 3.28415661e+01
 -5.51727696e+01
 1.87184740e+02
 -1.39219845e+02
 -1.51459867e+02
 2.88918788e+01
 -7.49837075e+00
 1.34798189e+01
 9.97046444e+01
 -9.88146903e+01
 3.94579077e+01
 -4.00217297e+01
 3.05891977e+01
 -3.23450356e+01
 -4.60795809e+01
 1.39552524e+01
 -5.12210842e+01
 -1.57724726e+01
 -6.04642774e+00
 8.08868546e+01
 2.87126965e+01
 8.76930987e+01
 -5.15176184e+01
 2.13834372e+01
 -6.63085314e+01
 1.32101272e+01
 -4.91056167e+00
 -8.75563661e+01
 1.29562326e+02
 -3.33075509e+01
 8.36839038e+01
 5.73321742e+01
 9.45844725e+01
 -7.17601336e+01
 5.96161256e+01
 -3.35492384e+01
 -3.75595445e+01
 6.19628061e+01
 -3.22219958e+01
 7.18216505e+01
 -2.10116962e+01
 -1.88779285e+02
 -3.52418411e+01
 -1.76953148e+02
 -2.14883249e+01
 1.09996877e+02
 4.11106014e+01
 -3.60132545e+01
 7.88198405e+00
 -3.21252131e+01
 6.23925943e+01
 1.24782733e+02
 -1.38403108e+02
 -5.47283432e+01
 -1.01217266e+02
 -1.98697799e+02
 -2.47207031e+02
 -1.29845672e+02
 -1.26352520e+02
 -1.70014783e+01
 -1.01498764e+02
 2.05035220e+01
 -8.66669966e+01
 2.97992647e+01
 3.09208765e+01
 -1.12298829e+02
 3.94575487e+01
 2.45887724e+02
 1.37097471e+02
 -9.54204761e+00
 -4.33527848e+01
 9.87576676e+01
 6.77483461e+00
 -1.22819612e+01
 1.38201716e+01
 -2.45785774e+01
 -1.69700483e+01
 -1.05797802e+02
 -3.78374021e+01
 1.11706288e+02
 1.71787482e+01
 1.45002704e+02
 1.76392652e+02
 -2.21700806e+02
 3.17831512e+01
 1.10856789e+02
 1.32236738e+02
 -1.27874504e+02
 3.14928610e+01
 1.44930069e+02
 -7.46649391e+01
 9.81626668e+01
 -5.90552544e+00
 5.86753987e+01
 -6.72680341e+01
 -7.13128254e+01
 -1.42596670e+02
 -9.30354635e+01
 3.07959684e+01
 -8.52863828e+01
 -1.59981568e+02
 7.42636723e+01
 1.07144798e+02
 -6.57145811e+01
 2.95255428e+01
 6.16315882e+01
 1.68142590e+02
 -3.98220235e+01
 -4.86878183e+01
 4.01374414e+01
 2.13653352e+01
 1.24676505e+02
 -1.88791778e+01
 7.33528787e+01
 1.72061690e+00
 -1.10069778e+02
 -1.22108986e+02
 1.67184301e+02
 1.06711916e+02
 1.29082892e+02
 -1.17174296e+02
 -1.10311909e+02
 8.39666482e+01
 1.28231065e+01
 -1.97474228e+01
 -4.42422920e+01
 3.87079860e+01
 1.10797235e+01
 -4.04370919e+01
 -7.99751935e+00
 -6.78849846e+01
 2.01934542e+01
 1.03255896e+01
 3.90962673e+01
 2.01733102e+01
 4.70838866e+01
 -4.83839744e+01
 5.70946037e+01
 -1.54809750e+02
 -1.72117904e+02
 -3.07478121e+01
 -3.11699217e+01
 1.66297137e+02
 1.32976510e+02
 6.29692782e+01
 2.85216793e+01
 -2.20485630e+02
 -1.59796078e+02
 -8.94727886e+01
 1.31673843e+01
 7.51360901e+01
 8.57454399e+01
 3.89528858e+01
 -4.94378756e+00
 -1.23071981e+01
 1.29160434e+02
 -4.09315597e+01
 -7.50115956e+01
 1.62708565e+02
 -5.55148867e+01
 1.10764356e+02
 1.65991930e+02
 1.23787572e+02
 2.84798493e+01
 -2.01080603e+01
 2.62430725e+01
 -1.05059800e+01
 3.38385574e-01
 -8.54676874e+01
 1.31241427e+02
 9.94393370e+01
 7.21415453e+01
 1.97065019e+01
 -6.84325702e+01
 4.39151911e+01
 8.39800911e+01
 -5.86726574e+01
 -2.32473854e+02
 2.13402761e+02
 8.92372087e+01
 -1.69265358e+01
 -2.93367105e+01
 -1.78979633e+02
 1.99587417e+01
 -6.79990170e+01
 2.06019208e+02
 -3.54176162e+01
 1.22924905e+02
 -2.50881066e+01
 7.13558159e+01
 -1.25978876e+02
 -1.17931439e+01
 -3.18228616e+01
 1.30489600e+02
 -7.86496854e+01
 -1.60762483e+02
 6.84789135e+01
 7.99619590e+01
 1.13395024e+02
 -6.71548732e+01
 6.79149685e+01
 -1.75659075e+02
 2.13714997e+02
 6.76255957e+01
 4.88598746e+01
 1.85623796e+02
 7.57538150e+01
 -6.01590348e+01
 -2.33038858e+01
 -1.68409031e+01
 9.09468734e+00
 -8.91329692e+01
 -8.84068541e+01
 -1.67162543e+02
 -6.95840265e+01
 -3.08396541e+01
 -5.95184415e+01
 -8.65933173e-01
 1.09613633e+01
 -6.69461520e+01
 -7.11808387e+01
 -1.41714904e+02
 1.26364524e+02
 1.24128732e+02
 -4.70673417e+01
 1.97812528e+02
 -1.18862018e+02
 5.64970438e+01
 -2.02381269e+02
 4.98990236e+00
 -4.56909536e+01
 4.34302199e+01
 1.41574453e+02
 -1.20685140e+02
 4.75289472e+01
 1.82657582e+02
 -3.15967859e+01
 6.22382548e+01
 -2.00006237e+01
 8.85912468e+01
 3.27103637e+00
 1.45658386e+02
 1.38065409e+02
 1.00702265e+02
 -6.94395957e+00
 5.31230612e+01
 2.18455416e+02
 -1.88681958e+02
 2.62478855e+01
 -6.33233937e+01
 2.61375149e+01
 -2.67729543e+01
 -1.15709878e+02
 -1.57131638e+02
 -8.06772126e+01
 -1.59665459e+02
 -7.30094234e+01
 -4.52559684e+01
 -2.61963295e+01
 -1.84394502e+02
 2.61598086e+01
 6.58534840e+01
 1.93350038e+01
 9.92811155e+01
 6.81814594e+00
 -1.00761966e+02
 -4.17663735e+01
 -1.83205603e+02
 -9.99001509e+01
 1.40364171e+02
 4.06239940e+01
 -7.04902684e+01
 -9.59163159e+01
 3.87034111e+01
 -1.04500315e+02
 -1.05079693e+02
 6.51956189e+01
 -1.08242947e+02
 -8.81288105e+00
 3.62452727e+01
 4.33428767e+01
 -1.34033527e+02
 -1.34012252e+02
 5.75782125e+01
 7.84865359e+01
 -6.21648193e+01
 1.96543446e+02
 -1.94236222e+00
 -1.24935565e+02
 7.22785122e+01
 -1.45523652e+01
 -4.98384753e+01
 -2.07296234e+02
 8.63662430e+01
 -1.29085910e+02
 1.00622399e+02
 -1.32245678e+02
 6.38875351e+01
 2.97909823e+01
 -6.59804131e+01
 3.57311957e+01
 1.23540913e+02
 -1.96799661e+01
 -7.00979446e+01
 -6.59882378e+01
 -9.15875011e+01
 1.46355725e+02
 -2.50652325e+01
 5.34673207e+01
 -2.44344070e+01
 -5.88523105e+01
 9.32942571e+01
 1.58318377e+02
 -2.87618514e+01
 3.28765063e+01
 4.82763980e+01
 6.59192584e+01
 -1.06743166e+02
 -4.67987103e+01
 6.77075337e+01
 8.90860498e+00
 6.10498302e+01
 1.09778070e+01
 -5.00344388e+01
 -9.21266702e+01
 1.06075567e+02
 9.49617097e+01
 -3.29161457e+01
 2.27717746e+00
 -9.26602812e+01
 -7.63848635e+01
 5.91955751e+01
 -3.23392046e+01
 1.22288654e+02
 -1.29862886e+02
 -1.64724807e+02
 -2.45731946e+02
 1.57608967e+01
 -2.86966103e+01
 -5.11647899e+01
 6.05817032e+01
 6.30007193e+01
 5.20723755e+00
 2.25245957e+01
 2.06442275e+02
 1.42566332e+02
 -6.59995728e+01
 -1.61365365e+02
 1.21420277e+02
 1.42105824e+02
 -1.05384266e+02
 -5.46426791e+01
 3.85484496e+01
 -4.28235466e+01
 1.06674287e+02
 6.64724065e+00
 -5.20163380e+00
 5.18448621e+01
 -1.18747964e+02
 -1.48834757e+02
 -1.74638476e+02
 9.15240613e+01
 1.63970725e+02
 -1.11561476e+02
 -1.10736306e+02
 1.96565649e+02
 1.05226451e+02
 -3.83013645e+00
 9.21539220e+01
 -1.00804250e+02
 2.01416890e+02
 -1.42377681e+01
 -1.07403873e+02
 -2.73027614e+01
 -1.48604768e+01
 -1.46238617e+02
 1.47874487e+02
 -2.89744657e+01
 9.59124268e+01
 -7.06631947e+01
 -2.07287282e+02
 8.56833446e+01
 2.91993203e+01
 -6.31913244e+01
 -1.22169067e+02
 2.49840962e+02
 -2.62095110e+01
 7.16111413e+01
 1.33019681e+02
 2.03970915e+02
 1.15713375e+02
 -7.52654657e+01
 -8.87853845e+00
 -9.28451988e+00
 6.77288158e+01
 -6.08869254e+01
 3.27992976e+01
 9.26386754e+01
 -1.19723122e+02
 1.54381499e+02
 -1.18578193e+02
 7.83481093e+01
 2.95459670e+01
 -5.88162842e+01
 -6.33380120e+01
 -7.77714005e+01
 -1.34060036e+02
 4.41958799e+01
 -1.77961217e+02
 -1.08599121e+02
 -2.69103061e+02
 7.26645403e+01
 -1.53602338e+02
 -2.15818373e+01
 1.36299203e+02
 -2.42864316e+02
 5.01174379e+01
 8.21820505e+01
 -2.09706553e+02
 -3.73663469e+01
 4.42363728e+01
 -1.34639709e+00
 -3.60783283e+01
 -1.18881415e+01
 -7.29353664e+01
 2.43106791e+00
 1.22740038e+02
 -6.34932241e+01
 9.46723107e+01
 -2.08354007e+01
 5.01065027e+01
 1.85049870e+02
 -5.61901703e+01
 4.09566696e+01
 1.42051120e+02
 -7.22428543e+01
 5.52249769e+01
 -7.32437361e+01
 6.56017147e+01
 -1.32091924e+02
 -1.26532098e+02
 6.99402933e+00
 -5.73273940e+01
 -6.79123923e+01
 -3.59434488e-01
 8.56813328e+01
 1.54458564e+02
 -1.51088413e+02
 -1.69508840e+00
 -3.38427560e+01
 1.04834590e+02
 3.73389121e+00
 4.89159194e+01
 -1.01829559e+01
 -6.40197733e+01
 1.00829404e+01
 -8.06027328e+01
 -8.22495975e+01
 -1.61759043e+02
 -4.52601524e+01
 -7.36807008e+01
 -1.70471800e+01
 1.95946297e+01
 1.83400995e+02
 3.93727642e+01
 7.78273537e+01
 5.06572730e+01
 -6.82200775e+01
 2.23989388e+01
 -1.53199181e+02
 -5.41828802e+01
 -3.33954479e+01
 1.94506922e+01
 2.18357107e+02
 -9.55396203e+01
 -1.62878431e+02
 1.29024694e+02
 2.66572877e+01
 -9.00891148e+01
 1.36993786e+01
 2.86209979e+01
 -6.76701825e+01
 1.74968225e+01
 7.88965299e+01
 -5.32669220e+01
 1.13855236e+01
 6.56466796e+01
 -1.11159825e+02
 -1.76174375e+00
 1.31070860e+01
 8.67648134e+01
 -4.73127376e+01
 -5.46621610e+01
 3.56750396e+01
 2.02368847e+01
 -5.77159568e+01
 -3.83679538e+01
 -8.86554125e+01
 -8.12421070e+01
 -6.91353350e+01
 -8.08577321e+01
 -9.04907083e+01
 -4.22304588e+01
 -1.12898163e+02
 -5.70031532e+01
 2.48873790e+02
 -8.73021455e+01
 7.00948894e+00
 -2.61719513e+02
 -3.75645552e+01
 -2.58779372e+01
 -7.67161241e+01
 -1.06054058e+02
 7.52473146e+01
 4.05119845e+01
 -1.11137553e+02
 -6.30831942e+01
 -5.87418325e+01
 -9.94260664e+01
 2.67493536e+00
 7.40633610e+00
 -1.44965569e+02
 1.41399838e+02
 2.60261826e+01
 -4.13314894e+01
 9.78855021e+01
 -1.77841328e+02
 -9.33353390e+01
 -2.50107872e+01
 3.37982932e+01
 1.42138608e+01
 -1.38251903e+02
 2.45081910e+02
 2.25198984e+02
 -2.70738815e+02
 -1.01497429e+02
 -7.92098610e+01
 -2.95385230e+01
 -3.99235292e+01
 2.61935699e+01
 6.46054015e+01
 8.08459412e+01
 -1.65152340e+02
 3.97305890e+01
 2.21098169e+02
 1.37005856e+02
 -4.29677837e+01
 -8.29179529e+01
 -1.63869814e+02
 2.51643331e+01
 3.66574002e+01
 9.91241320e+01
 9.51740531e+01
 -6.30937890e+01
 4.93316430e+01
 -7.55371103e+01
 -1.44475838e+02
 3.73488818e+00
 -6.23025110e+01
 -8.28903636e+01
 1.69221319e+02
 -2.90887348e+01
 -6.22211175e+01
 2.50249843e+01
 -2.67509065e+01
 -1.00131361e+02
 1.57155649e+02
 -4.87935701e+01
 9.07673210e+01
 2.81218199e+01
 -8.34116874e+01
 -2.58040438e+01
 -1.30082759e+02
 -4.69338617e+01
 -2.66726544e+02
 -9.08740852e+01
 -4.98400389e+01
 2.17990821e+02
 -1.15624963e+02
 1.47332146e+01
 9.99698650e+01
 6.96781101e+00
 1.57351053e+02
 -9.81441964e+01
 -5.51028561e+01
 -8.52327225e+01
 -1.50954925e+02
 4.07365321e+01
 -1.14827923e+02
 -1.92404823e+02
 -4.98682249e+01
 6.28024744e+01
 -1.18602542e+01
 2.31239999e+01
 -1.06827851e+02
 -3.08235121e+01
 -3.32323732e+01
 1.66359481e+02
 -7.02074586e+01
 -4.23498747e+01
 -2.91590075e+01
 -7.71157545e+01
 -1.57290359e+02
 1.68962929e+01
 4.31475636e-01
 3.53343651e+01
 8.61826503e+01
 7.54194226e+01
 -7.53426151e+01
 -2.27152815e+02
 -9.62267795e+01
 -2.10080459e+01
 3.90274437e+01
 5.90193485e+01
 5.69104516e-01
 -2.74697857e+01
 1.93746721e+01
 7.94359212e+00
 1.11301273e+02
 1.45007523e+01
 -6.19487887e+01
 5.37411190e+01
 -9.74308781e+01
 -9.47002850e+01
 -1.69981567e+02
 2.50971811e+02
 3.97728918e+01
 2.38494096e+02
 1.78401791e+01
 -3.03392743e+02
 2.83723903e+01
 -2.53541352e+02
 -1.68433781e+02
 -6.30381378e+01
 3.32239912e+00
 -8.14480227e+01
 -1.16226750e+02
 7.07554771e+01
 -5.17366840e+01
 -6.15761239e+01
 -5.40742959e+01
 -7.62921034e+00
 -8.16646919e+01
 8.60553841e+00
 2.38314985e+01
 -2.29365596e+01
 -1.12848403e+02
 -1.29387233e+02
 3.92320859e+01
 3.15548594e+01
 -1.20440616e+02
 -1.66924815e+02
 3.29233168e+01
 2.82038238e+02
 1.53998095e+01
 -8.65009830e+01
 1.05826602e+01
 7.30590097e+01
 -1.44853793e+01
 1.31121614e+02
 1.92369103e+02
 1.72218579e+01
 -3.09874683e+01
 -9.18319666e+01
 -1.29906845e+02
 2.01372825e+01
 -5.78542579e+01
 -3.08043603e+01
 -4.25610584e+01
 -4.52319244e+01
 -7.98511918e+01
 -4.94327462e+01
 -1.49826775e+01
 5.07405534e+01
 -1.42540231e+02
 1.07803151e+01
 7.99348635e+01
 3.30091788e+00
 1.97281717e+02
 4.63817271e+01
 -4.40631827e+01
 -8.87258692e+01
 -7.38799198e+01
 5.79174020e+01
 6.55159329e+00
 -3.09245582e+00
 -7.59107668e+01
 -2.90921343e+01
 9.62135504e+01
 -2.24042162e+02
 4.30050398e+01
 1.11698470e+02
 5.80653399e+01
 4.43343453e+00
 9.37657907e+01
 -1.45190703e+02
 -2.25418999e+00
 -1.06302344e+02
 -2.88763092e+01
 9.88259977e+01
 -1.17463024e+01
 -3.19057779e+01
 -1.82139943e+01
 -4.17308518e+01
 -7.54428281e+01
 -1.83112973e+02
 -1.13950707e+02
 -4.73470427e+01
 -1.28003095e+02
 -8.90315235e+01
 7.96659408e+01
 -5.09974044e+01
 7.15418256e+01
 -7.19371982e+01
 -1.18284532e+02
 -8.00424028e+01
 -6.94600650e+01
 -5.94353519e+01
 2.81782009e+01
 6.04932778e+01
 9.64183591e+00
 8.94825468e+01
 -1.17651944e+02
 1.86450776e+01
 6.95673231e+01
 -9.06243266e+01
 1.84530812e+02
 1.48914249e+02
 -1.70708558e+01
 -5.69405341e+01
 -1.73722887e+02
 3.44259449e+01
 -1.52632340e+01
 6.02794191e+01
 -1.15190548e+02
 2.35875736e+02
 6.65841734e+01
 -5.00654323e+01
 -3.80864862e+01
 -4.16712187e+01
 -1.02772342e+02
 -8.22995268e+01
 -1.12878516e+01
 -6.10492765e+00
 2.41070396e+01
 1.02813241e+02
 6.73800673e+01
 1.07841745e+01
 -6.53628571e+01
 -3.26834811e+01
 1.83092053e+02
 -9.58110312e+01
 1.54720932e+02
 1.08015531e+02
 -9.29825070e+01
 1.45760710e+01
 -6.31192057e+01
 4.43589057e+01
 1.23100249e+02
 -5.86346041e+00
 -1.51805357e+02
 -8.24154140e+01
 3.22763379e+01
 -9.56996626e+01
 -5.39299501e+01
 2.91335644e+01
 8.96766183e+01
 2.35162334e+01
 6.67018125e+01
 1.19040921e+02
 2.14748077e+02
 -8.37586501e+01
 5.12811394e+01
 -5.45119547e+01
 -5.01761631e+01
 -1.64910463e+02
 -6.22006648e+00
 7.49616817e+00
 -1.93040968e+02
 3.79136419e+01
 5.55304456e+01
 -1.97998986e+02
 4.44855691e+01
 1.25503081e+02
 -6.00049207e+00
 -2.02619262e+02
 -9.22237248e-02
 -3.31555126e+01
 -2.16815084e+02
 -4.22153775e+01
 -3.42748911e+01
 -2.76517993e+01
 -4.53213819e+01
 -6.51401615e+01
 1.19348660e+02
 3.13121523e+01
 4.23711196e+01
 3.10903072e+01
 5.88253232e+01
 -6.42229935e+01
 3.62975896e+01
 -1.50909680e+01
 -9.95471633e+00
 -3.81634870e+01
 7.40217104e+01
 1.13372636e+02
 -7.08904400e+01
 1.27157447e+01
 4.03001078e+00
 6.49033485e+01
 -1.52672051e+02
 -1.33007745e+02
 1.10511678e+02
 1.16707455e+02
 2.78637018e+01
 1.16614084e+02
 -5.07077974e+01
 6.42757658e+01
 9.94170922e+01
 6.86693285e+01
 1.84455608e+02
 7.40838319e+01
 -8.41246309e+01
 2.08611605e+01
 -1.28468341e+02
 1.04842142e+02
 1.16881558e+02
 -2.32321897e+02
 -7.41841794e+00
 -4.98017887e+01
 1.53620634e+01
 -1.22198448e+02
 -1.64300508e+02
 1.25109678e+01
 -8.81225735e+01
 3.37704076e+01
 1.47518851e+02
 4.95003411e+00
 5.08311660e+01
 1.05261397e+02
 -2.30232810e+02
 -1.74011615e+02
 -1.44725123e+02
 -2.22697797e+01
 6.75876504e+01
 -4.82172632e+01
 4.73546368e+01
 1.99572480e+02
 1.25779927e+02
 4.94390023e+01
 6.14145825e+01
 -6.79186614e+01
 -7.78533676e+01
 4.52638602e+01
 9.77089974e+01
 -5.85160798e+01
 3.95653920e+01
 -2.70829119e+01
 1.60538248e+02
 -4.05683399e+01
 1.08353705e+02
 4.72993422e+01
 -1.13762787e+02
 -4.65389867e+01
 1.47010162e+01
 3.06351868e+01
 -6.98932806e+01
 2.40635958e+01
 -1.03173772e+02
 -4.56167606e+01
 2.07434376e+01
 4.22990920e+01
 2.54407753e+02
 1.22090615e+02
 -3.79421774e+01
 1.73291142e+02
 -1.20929689e+02
 -2.62885631e+01
 1.96863879e+02
 -7.01292133e+01
 -6.28924136e+01
 7.66657100e+01
 -2.73666065e+01
 8.48166838e+00
 -8.22843947e+01
 -6.07480942e+01
 1.83004817e+01
 1.46381477e+02
 1.40808801e+02
 7.30270908e+01
 1.14918098e+01
 2.39056631e+02
 7.72655179e+01
 5.51976152e+01
 1.21695643e+02
 1.21557632e+02
 -3.73811511e+01
 -6.03483586e+01
 -8.02425945e+01
 6.00765680e+01
 1.37305286e+02
 -1.57490890e+01
 3.96102799e+01
 -7.25031319e+01
 -6.54087993e+01
 2.88139480e+01
 5.35824817e+01
 8.19295522e+00
 5.82244705e+01
 -7.79866104e+01
 7.75174289e+01
 -1.52439726e+02
 8.32371333e+01
 5.11094055e+01
 4.56771107e+01
 9.55742057e+01
 -2.98214093e+01
 2.65682679e+01
 -1.56360816e+01
 4.38020056e+01
 1.00135632e+02
 -2.44547850e+01
 2.11409810e+02
 -8.63123406e+01
 -1.89643687e+02
 -1.12028099e+02
 1.58714006e+01
 -8.45438469e+01
 -1.06211423e+02
 2.86474235e+01
 1.06175091e+02
 4.06411379e+01
 -2.07053905e+01
 8.48141082e+01
 -9.08810571e+01
 -2.86297833e+01
 1.91272691e+02
 5.27236207e+01
 3.43350598e+01
