   4.9176    1.0000    3.4720    0.9980    1.0000    7.0000    4.0000   42.0000    3.0000    1.0000         0   25.9000
    5.0208    1.0000    3.5310    1.5000    2.0000    7.0000    4.0000   62.0000    1.0000    1.0000         0   29.5000
    4.5429    1.0000    2.2750    1.1750    1.0000    6.0000    3.0000   40.0000    2.0000    1.0000         0   27.9000
    4.5573    1.0000    4.0500    1.2320    1.0000    6.0000    3.0000   54.0000    4.0000    1.0000         0   25.9000
    5.0597    1.0000    4.4550    1.1210    1.0000    6.0000    3.0000   42.0000    3.0000    1.0000         0   29.9000
    3.8910    1.0000    4.4550    0.9880    1.0000    6.0000    3.0000   56.0000    2.0000    1.0000         0   29.9000
    5.8980    1.0000    5.8500    1.2400    1.0000    7.0000    3.0000   51.0000    2.0000    1.0000    1.0000   30.9000
    5.6039    1.0000    9.5200    1.5010         0    6.0000    3.0000   32.0000    1.0000    1.0000         0   28.9000
   16.4202    2.5000    9.8000    3.4200    2.0000   10.0000    5.0000   42.0000    2.0000    1.0000    1.0000   84.9000
   14.4598    2.5000   12.8000    3.0000    2.0000    9.0000    5.0000   14.0000    4.0000    1.0000    1.0000   82.9000
    5.8282    1.0000    6.4350    1.2250    2.0000    6.0000    3.0000   32.0000    1.0000    1.0000         0   35.9000
    5.3003    1.0000    4.9883    1.5520    1.0000    6.0000    3.0000   30.0000    1.0000    2.0000         0   31.5000
    6.2712    1.0000    5.5200    0.9750    1.0000    5.0000    2.0000   30.0000    1.0000    2.0000         0   31.0000
    5.9592    1.0000    6.6660    1.1210    2.0000    6.0000    3.0000   32.0000    2.0000    1.0000         0   30.9000
    5.0500    1.0000    5.0000    1.0200         0    5.0000    2.0000   46.0000    4.0000    1.0000    1.0000   30.0000
    5.6039    1.0000    9.5200    1.5010         0    6.0000    3.0000   32.0000    1.0000    1.0000         0   28.9000
    8.2464    1.5000    5.1500    1.6640    2.0000    8.0000    4.0000   50.0000    4.0000    1.0000         0   36.9000
    6.6969    1.5000    6.9020    1.4880    1.5000    7.0000    3.0000   22.0000    1.0000    1.0000    1.0000   41.9000
    7.7841    1.5000    7.1020    1.3760    1.0000    6.0000    3.0000   17.0000    2.0000    1.0000         0   40.5000
    9.0384    1.0000    7.8000    1.5000    1.5000    7.0000    3.0000   23.0000    3.0000    3.0000         0   43.9000
    5.9894    1.0000    5.5200    1.2560    2.0000    6.0000    3.0000   40.0000    4.0000    1.0000    1.0000   37.5000
    7.5422    1.5000    4.0000    1.6900    1.0000    6.0000    3.0000   22.0000    1.0000    1.0000         0   37.9000
    8.7951    1.5000    9.8900    1.8200    2.0000    8.0000    4.0000   50.0000    1.0000    1.0000    1.0000   44.5000
    6.0931    1.5000    6.7265    1.6520    1.0000    6.0000    3.0000   44.0000    4.0000    1.0000         0   37.9000
    8.3607    1.5000    9.1500    1.7770    2.0000    8.0000    4.0000   48.0000    1.0000    1.0000    1.0000   38.9000
    8.1400    1.0000    8.0000    1.5040    2.0000    7.0000    3.0000    3.0000    1.0000    3.0000         0   36.9000
    9.1416    1.5000    7.3262    1.8310    1.5000    8.0000    4.0000   31.0000    4.0000    1.0000         0   45.8000
   12.0000    1.5000    5.0000    1.2000    2.0000    6.0000    3.0000   30.0000    3.0000    1.0000    1.0000   41.0000

