  1.0000e+00   1.9980e+03   6.6278e+00
   1.0000e+00   1.9990e+03   7.7969e+00
   1.0000e+00   2.0000e+03   7.2965e+00
   1.0000e+00   2.0010e+03   6.6705e+00
   1.0000e+00   2.0020e+03   7.1719e+00
   1.0000e+00   2.0030e+03   6.0287e+00
   1.0000e+00   2.0040e+03   6.0154e+00
   1.0000e+00   2.0050e+03   6.8630e+00
   1.0000e+00   2.0060e+03   6.8845e+00
   1.0000e+00   2.0070e+03   6.9907e+00
   1.0000e+00   2.0080e+03   6.0793e+00
   1.0000e+00   2.0090e+03   7.1949e+00
   1.0000e+00   2.0100e+03   8.5884e+00
   1.0000e+00   2.0110e+03   8.0827e+00
   1.0000e+00   2.0120e+03   7.7297e+00
   1.0000e+00   2.0130e+03   8.6322e+00
   1.0000e+00   2.0140e+03   8.8011e+00
   1.0000e+00   2.0150e+03   8.7400e+00
   1.0000e+00   2.0160e+03   8.6801e+00
   1.0000e+00   2.0170e+03   7.7332e+00
   1.0000e+00   2.0180e+03   7.8470e+00
   1.0000e+00   2.0190e+03   6.9491e+00
   1.0000e+00   2.0200e+03   7.3793e+00
   1.0000e+00   2.0210e+03   7.9120e+00

